{"producer":{"name":"Blender","version":"2.78 (sub 0)","exporter_version":"4.6.1","file":"man.babylon"},
"autoClear":true,"clearColor":[0.0509,0.0509,0.0509],"ambientColor":[0,0,0],"gravity":[0,-9.81,0],
"materials":[{"name":"man.Man:Short04:Short04","id":"man.Man:Short04:Short04","ambient":[0.11,0.11,0.11],"diffuse":[1,1,1],"specular":[0.0471,0.0471,0.0471],"emissive":[0,0,0],"specularPower":491,"alpha":1,"backFaceCulling":true,"checkReadyOnlyOnce":false, 
"diffuseTexture":{"name":"short04_diffuse.png","level":1,"hasAlpha":1,"coordinatesMode":0,"uOffset":0,"vOffset":0,"uScale":1,"vScale":1,"uAng":0,"vAng":0,"wAng":0,"wrapU":1,"wrapV":1,"coordinatesIndex":0}},
{"name":"man.Man:Shoes03:Shoes03","id":"man.Man:Shoes03:Shoes03","ambient":[1,1,1],"diffuse":[1,1,1],"specular":[0.0353,0.0314,0.0314],"emissive":[0,0,0],"specularPower":409,"alpha":1,"backFaceCulling":true,"checkReadyOnlyOnce":false, 
"diffuseTexture":{"name":"shoes03_diffuse.png","level":1,"hasAlpha":1,"coordinatesMode":0,"uOffset":0,"vOffset":0,"uScale":1,"vScale":1,"uAng":0,"vAng":0,"wAng":0,"wrapU":1,"wrapV":1,"coordinatesIndex":0}},
{"name":"man.Man:Male_elegantsuit01:Male_elegantsuit01","id":"man.Man:Male_elegantsuit01:Male_elegantsuit01","ambient":[1,1,1],"diffuse":[1,1,1],"specular":[0.0353,0.0353,0.0353],"emissive":[0,0,0],"specularPower":51,"alpha":1,"backFaceCulling":true,"checkReadyOnlyOnce":false, 
"diffuseTexture":{"name":"male_elegantsuit01_diffuse.png","level":1,"hasAlpha":1,"coordinatesMode":0,"uOffset":0,"vOffset":0,"uScale":1,"vScale":1,"uAng":0,"vAng":0,"wAng":0,"wrapU":1,"wrapV":1,"coordinatesIndex":0}},
{"name":"man.Man:Eyebrow001:Eyebrow001","id":"man.Man:Eyebrow001:Eyebrow001","ambient":[1,1,1],"diffuse":[1,1,1],"specular":[0,0,0],"emissive":[0,0,0],"specularPower":256,"alpha":1,"backFaceCulling":true,"checkReadyOnlyOnce":false, 
"diffuseTexture":{"name":"eyebrow001.png","level":1,"hasAlpha":1,"coordinatesMode":0,"uOffset":0,"vOffset":0,"uScale":1,"vScale":1,"uAng":0,"vAng":0,"wAng":0,"wrapU":1,"wrapV":1,"coordinatesIndex":0}},
{"name":"man.Man:High-poly:Eye_brown","id":"man.Man:High-poly:Eye_brown","ambient":[0.11,0.11,0.11],"diffuse":[1,1,1],"specular":[1,1,1],"emissive":[0,0,0],"specularPower":511,"alpha":1,"backFaceCulling":true,"checkReadyOnlyOnce":false, 
"diffuseTexture":{"name":"brown_eye.png","level":1,"hasAlpha":1,"coordinatesMode":0,"uOffset":0,"vOffset":0,"uScale":1,"vScale":1,"uAng":0,"vAng":0,"wAng":0,"wrapU":1,"wrapV":1,"coordinatesIndex":0}},
{"name":"man.Man:Body:Middleage_cauasian_male","id":"man.Man:Body:Middleage_cauasian_male","ambient":[0.302,0.2869,0.2567],"diffuse":[1,0.95,0.85],"specular":[0.0275,0.0275,0.0275],"emissive":[0,0,0],"specularPower":256,"alpha":1,"backFaceCulling":true,"checkReadyOnlyOnce":false, 
"diffuseTexture":{"name":"middleage_lightskinned_male_diffuse.png","level":1,"hasAlpha":1,"coordinatesMode":0,"uOffset":0,"vOffset":0,"uScale":1,"vScale":1,"uAng":0,"vAng":0,"wAng":0,"wrapU":1,"wrapV":1,"coordinatesIndex":0}}],
"multiMaterials":[{"name":"man.Multimaterial#0","id":"man.Multimaterial#0","materials":["man.Man:Short04:Short04","man.Man:Shoes03:Shoes03","man.Man:Male_elegantsuit01:Male_elegantsuit01","man.Man:Eyebrow001:Eyebrow001","man.Man:High-poly:Eye_brown","man.Man:Body:Middleage_cauasian_male"]}],
"skeletons":[{"name":"Man","id":0,"dimensionsAtRest":[7.6083,21.2082,2.6162],"bones":[
{"name":"Hips","index":0,"matrix":[1,0,0,0,0,0.9369,0.3495,0,0,0.3495,-0.9369,0,0,11.9221,-0.0875,1],"rest":[1,0,0,0,0,0.9369,0.3495,0,0,0.3495,-0.9369,0,0,11.9221,-0.0875,1],"parentBoneIndex":-1,"length":1.0442
,"animation":{"dataType":3,"framePerSecond":30,"keys":[
{"frame":0,"values":[1,0,0,0,0,0.9369,0.3495,0,0,0.3495,-0.9369,0,0,11.9221,-0.0875,1]},
{"frame":250,"values":[1,0,0,0,0,0.9369,0.3495,0,0,0.3495,-0.9369,0,0,11.9221,-0.0875,1]}],"loopBehavior":1,"name":"anim","property":"_matrix"}},
{"name":"LHipJoint","index":1,"matrix":[-0.1217,0.0237,-0.9923,0,0.9897,-0.0737,-0.1231,0,-0.076,-0.997,-0.0145,0,0,0,0,1],"rest":[-0.1217,0.0237,-0.9923,0,0.9897,-0.0737,-0.1231,0,-0.076,-0.997,-0.0145,0,0,0,0,1],"parentBoneIndex":0,"length":1.2992
,"animation":{"dataType":3,"framePerSecond":30,"keys":[
{"frame":0,"values":[-0.1217,0.0237,-0.9923,0,0.9897,-0.0737,-0.1231,0,-0.076,-0.997,-0.0145,0,0,0,0,1]},
{"frame":250,"values":[-0.1217,0.0237,-0.9923,0,0.9897,-0.0737,-0.1231,0,-0.076,-0.997,-0.0145,0,0,0,0,1]}],"loopBehavior":1,"name":"anim","property":"_matrix"}},
{"name":"LeftUpLeg","index":2,"matrix":[-0.1975,0.9709,-0.1357,0,0.2519,0.184,0.9501,0,0.9474,0.1535,-0.2809,0,0,1.2992,0,1],"rest":[-0.1975,0.9709,-0.1357,0,0.2519,0.184,0.9501,0,0.9474,0.1535,-0.2809,0,0,1.2992,0,1],"parentBoneIndex":1,"length":5.7749
,"animation":{"dataType":3,"framePerSecond":30,"keys":[
{"frame":0,"values":[-0.1975,0.9709,-0.1357,0,0.2519,0.184,0.9501,0,0.9474,0.1535,-0.2809,0,0,1.2992,0,1]},
{"frame":51,"values":[-0.1971,0.9709,-0.1363,0,0.2446,0.1833,0.9521,0,0.9494,0.1543,-0.2736,0,0,1.2992,0,1]},
{"frame":52,"values":[-0.1956,0.9709,-0.1381,0,0.2223,0.181,0.958,0,0.9551,0.1567,-0.2513,0,0,1.2992,0,1]},
{"frame":53,"values":[-0.1932,0.971,-0.1409,0,0.1858,0.1772,0.9665,0,0.9634,0.1606,-0.2146,0,0,1.2992,0,1]},
{"frame":54,"values":[-0.1899,0.9711,-0.1444,0,0.1375,0.1719,0.9755,0,0.9721,0.1654,-0.1662,0,0,1.2992,0,1]},
{"frame":55,"values":[-0.1859,0.9713,-0.1482,0,0.0823,0.1657,0.9827,0,0.9791,0.1705,-0.1107,0,0,1.2992,0,1]},
{"frame":56,"values":[-0.1817,0.9716,-0.1518,0,0.0267,0.1592,0.9869,0,0.983,0.1752,-0.0549,0,0,1.2992,0,1]},
{"frame":57,"values":[-0.1778,0.9718,-0.1548,0,-0.0223,0.1532,0.9879,0,0.9838,0.1791,-0.0056,0,0,1.2992,0,1]},
{"frame":58,"values":[-0.1748,0.972,-0.1569,0,-0.0597,0.1486,0.9871,0,0.9828,0.1819,0.0321,0,0,1.2992,0,1]},
{"frame":59,"values":[-0.1729,0.9722,-0.1581,0,-0.0826,0.1457,0.9859,0,0.9815,0.1835,0.0551,0,0,1.2992,0,1]},
{"frame":60,"values":[-0.1722,0.9722,-0.1585,0,-0.0902,0.1447,0.9854,0,0.9809,0.184,0.0628,0,0,1.2992,0,1]},
{"frame":61,"values":[-0.1725,0.9722,-0.1584,0,-0.0875,0.145,0.9856,0,0.9811,0.1838,0.0601,0,0,1.2992,0,1]},
{"frame":62,"values":[-0.1732,0.9721,-0.1579,0,-0.079,0.1461,0.9861,0,0.9817,0.1833,0.0515,0,0,1.2992,0,1]},
{"frame":63,"values":[-0.1744,0.9721,-0.1571,0,-0.0642,0.148,0.9869,0,0.9826,0.1822,0.0365,0,0,1.2992,0,1]},
{"frame":64,"values":[-0.1762,0.9719,-0.1559,0,-0.0429,0.1507,0.9877,0,0.9834,0.1807,0.0151,0,0,1.2992,0,1]},
{"frame":65,"values":[-0.1784,0.9718,-0.1543,0,-0.0153,0.1541,0.9879,0,0.9838,0.1786,-0.0127,0,0,1.2992,0,1]},
{"frame":66,"values":[-0.181,0.9716,-0.1523,0,0.0179,0.1581,0.9873,0,0.9833,0.176,-0.046,0,0,1.2992,0,1]},
{"frame":67,"values":[-0.1839,0.9714,-0.15,0,0.0553,0.1626,0.9851,0,0.9814,0.1728,-0.0836,0,0,1.2992,0,1]},
{"frame":68,"values":[-0.1868,0.9713,-0.1473,0,0.0953,0.1672,0.9813,0,0.9778,0.1693,-0.1238,0,0,1.2992,0,1]},
{"frame":69,"values":[-0.1898,0.9711,-0.1445,0,0.1363,0.1718,0.9757,0,0.9723,0.1655,-0.165,0,0,1.2992,0,1]},
{"frame":70,"values":[-0.1926,0.971,-0.1415,0,0.1768,0.1762,0.9684,0,0.9652,0.1615,-0.2056,0,0,1.2992,0,1]},
{"frame":71,"values":[-0.1952,0.9709,-0.1386,0,0.2155,0.1803,0.9597,0,0.9568,0.1575,-0.2445,0,0,1.2992,0,1]},
{"frame":72,"values":[-0.1975,0.9709,-0.1357,0,0.2519,0.184,0.9501,0,0.9474,0.1535,-0.2809,0,0,1.2992,0,1]},
{"frame":73,"values":[-0.2,0.9708,-0.1323,0,0.2923,0.1881,0.9376,0,0.9352,0.1489,-0.3214,0,0,1.2992,0,1]},
{"frame":74,"values":[-0.203,0.9708,-0.128,0,0.3421,0.1928,0.9197,0,0.9175,0.1429,-0.3713,0,0,1.2992,0,1]},
{"frame":75,"values":[-0.206,0.9708,-0.1229,0,0.3976,0.1978,0.896,0,0.8941,0.1357,-0.4267,0,0,1.2992,0,1]},
{"frame":76,"values":[-0.2088,0.9709,-0.1175,0,0.4525,0.2024,0.8685,0,0.8669,0.1282,-0.4816,0,0,1.2992,0,1]},
{"frame":77,"values":[-0.211,0.971,-0.1126,0,0.5001,0.2062,0.8411,0,0.8399,0.1212,-0.5291,0,0,1.2992,0,1]},
{"frame":78,"values":[-0.2125,0.9711,-0.1087,0,0.5352,0.2088,0.8185,0,0.8175,0.1158,-0.5641,0,0,1.2992,0,1]},
{"frame":79,"values":[-0.2134,0.9712,-0.1064,0,0.5559,0.2102,0.8042,0,0.8034,0.1125,-0.5847,0,0,1.2992,0,1]},
{"frame":80,"values":[-0.2136,0.9712,-0.1056,0,0.5625,0.2107,0.7995,0,0.7987,0.1114,-0.5913,0,0,1.2992,0,1]},
{"frame":81,"values":[-0.2135,0.9712,-0.1059,0,0.5601,0.2105,0.8012,0,0.8004,0.1118,-0.5889,0,0,1.2992,0,1]},
{"frame":82,"values":[-0.2132,0.9712,-0.1068,0,0.5525,0.21,0.8066,0,0.8058,0.113,-0.5813,0,0,1.2992,0,1]},
{"frame":83,"values":[-0.2127,0.9711,-0.1083,0,0.5393,0.2091,0.8157,0,0.8148,0.1151,-0.5682,0,0,1.2992,0,1]},
{"frame":84,"values":[-0.2119,0.971,-0.1104,0,0.5203,0.2077,0.8283,0,0.8273,0.1181,-0.5492,0,0,1.2992,0,1]},
{"frame":85,"values":[-0.2108,0.971,-0.113,0,0.4956,0.2058,0.8438,0,0.8426,0.1219,-0.5246,0,0,1.2992,0,1]},
{"frame":86,"values":[-0.2095,0.9709,-0.1162,0,0.4658,0.2035,0.8612,0,0.8597,0.1263,-0.4949,0,0,1.2992,0,1]},
{"frame":87,"values":[-0.2078,0.9708,-0.1196,0,0.4319,0.2007,0.8793,0,0.8776,0.1311,-0.4611,0,0,1.2992,0,1]},
{"frame":88,"values":[-0.2059,0.9708,-0.1231,0,0.3955,0.1976,0.8969,0,0.8951,0.136,-0.4247,0,0,1.2992,0,1]},
{"frame":89,"values":[-0.2039,0.9708,-0.1266,0,0.3581,0.1943,0.9132,0,0.9111,0.1409,-0.3872,0,0,1.2992,0,1]},
{"frame":90,"values":[-0.2018,0.9708,-0.1299,0,0.321,0.1908,0.9276,0,0.9253,0.1455,-0.3501,0,0,1.2992,0,1]},
{"frame":91,"values":[-0.1996,0.9708,-0.1329,0,0.2854,0.1874,0.9399,0,0.9374,0.1497,-0.3145,0,0,1.2992,0,1]},
{"frame":92,"values":[-0.1975,0.9709,-0.1357,0,0.2519,0.184,0.9501,0,0.9474,0.1535,-0.2809,0,0,1.2992,0,1]},
{"frame":93,"values":[-0.1952,0.9709,-0.1386,0,0.2154,0.1803,0.9597,0,0.9568,0.1575,-0.2443,0,0,1.2992,0,1]},
{"frame":94,"values":[-0.1922,0.971,-0.142,0,0.1706,0.1755,0.9696,0,0.9664,0.1621,-0.1994,0,0,1.2992,0,1]},
{"frame":95,"values":[-0.1886,0.9712,-0.1457,0,0.1193,0.1699,0.9782,0,0.9748,0.1671,-0.1479,0,0,1.2992,0,1]},
{"frame":96,"values":[-0.1846,0.9714,-0.1493,0,0.0651,0.1637,0.9844,0,0.9807,0.172,-0.0934,0,0,1.2992,0,1]},
{"frame":97,"values":[-0.1806,0.9716,-0.1526,0,0.0131,0.1575,0.9874,0,0.9835,0.1764,-0.0411,0,0,1.2992,0,1]},
{"frame":98,"values":[-0.1771,0.9719,-0.1553,0,-0.0314,0.1521,0.9879,0,0.9837,0.1798,0.0035,0,0,1.2992,0,1]},
{"frame":99,"values":[-0.1744,0.9721,-0.1571,0,-0.0643,0.148,0.9869,0,0.9826,0.1822,0.0367,0,0,1.2992,0,1]},
{"frame":100,"values":[-0.1728,0.9722,-0.1582,0,-0.0839,0.1455,0.9858,0,0.9814,0.1836,0.0564,0,0,1.2992,0,1]},
{"frame":101,"values":[-0.1722,0.9722,-0.1585,0,-0.0902,0.1447,0.9854,0,0.9809,0.184,0.0628,0,0,1.2992,0,1]},
{"frame":102,"values":[-0.1729,0.9722,-0.158,0,-0.081,0.1459,0.986,0,0.9816,0.1832,0.0535,0,0,1.2992,0,1]},
{"frame":103,"values":[-0.1747,0.9721,-0.1566,0,-0.0531,0.1495,0.9873,0,0.9832,0.1808,0.0255,0,0,1.2992,0,1]},
{"frame":104,"values":[-0.1777,0.972,-0.154,0,-0.0082,0.1551,0.9879,0,0.9841,0.1768,-0.0196,0,0,1.2992,0,1]},
{"frame":105,"values":[-0.1814,0.9718,-0.1506,0,0.0492,0.162,0.9856,0,0.9822,0.1714,-0.0772,0,0,1.2992,0,1]},
{"frame":106,"values":[-0.1855,0.9716,-0.1467,0,0.1112,0.169,0.9793,0,0.9763,0.1653,-0.1394,0,0,1.2992,0,1]},
{"frame":107,"values":[-0.1893,0.9715,-0.1427,0,0.1684,0.1753,0.97,0,0.9674,0.1596,-0.1968,0,0,1.2992,0,1]},
{"frame":108,"values":[-0.1927,0.9713,-0.1393,0,0.2133,0.18,0.9603,0,0.9578,0.1553,-0.2419,0,0,1.2992,0,1]},
{"frame":109,"values":[-0.1954,0.9711,-0.1369,0,0.2416,0.1829,0.953,0,0.9505,0.1532,-0.2704,0,0,1.2992,0,1]},
{"frame":110,"values":[-0.1975,0.9709,-0.1357,0,0.2519,0.184,0.9501,0,0.9474,0.1535,-0.2809,0,0,1.2992,0,1]},
{"frame":111,"values":[-0.1996,0.9703,-0.1364,0,0.2531,0.1855,0.9495,0,0.9466,0.155,-0.2826,0,0,1.2992,0,1]},
{"frame":112,"values":[-0.2023,0.9693,-0.1395,0,0.2537,0.1894,0.9485,0,0.9459,0.1565,-0.2842,0,0,1.2992,0,1]},
{"frame":113,"values":[-0.2054,0.9679,-0.1451,0,0.2537,0.1958,0.9473,0,0.9452,0.1578,-0.2858,0,0,1.2992,0,1]},
{"frame":114,"values":[-0.2091,0.9658,-0.1531,0,0.253,0.2047,0.9456,0,0.9446,0.159,-0.2872,0,0,1.2992,0,1]},
{"frame":115,"values":[-0.2133,0.9632,-0.1634,0,0.2517,0.2158,0.9434,0,0.944,0.1601,-0.2885,0,0,1.2992,0,1]},
{"frame":116,"values":[-0.2179,0.96,-0.1758,0,0.2498,0.229,0.9408,0,0.9435,0.1611,-0.2897,0,0,1.2992,0,1]},
{"frame":117,"values":[-0.2228,0.9562,-0.1901,0,0.2473,0.244,0.9377,0,0.943,0.1619,-0.2908,0,0,1.2992,0,1]},
{"frame":118,"values":[-0.2278,0.9517,-0.2058,0,0.2443,0.2605,0.9341,0,0.9426,0.1625,-0.2918,0,0,1.2992,0,1]},
{"frame":119,"values":[-0.233,0.9467,-0.2225,0,0.2408,0.2779,0.93,0,0.9422,0.1631,-0.2927,0,0,1.2992,0,1]},
{"frame":120,"values":[-0.2381,0.9412,-0.2398,0,0.237,0.2957,0.9254,0,0.9419,0.1635,-0.2934,0,0,1.2992,0,1]},
{"frame":121,"values":[-0.2429,0.9354,-0.2569,0,0.233,0.3134,0.9206,0,0.9417,0.1638,-0.294,0,0,1.2992,0,1]},
{"frame":122,"values":[-0.2475,0.9295,-0.2735,0,0.2289,0.3304,0.9156,0,0.9415,0.164,-0.2945,0,0,1.2992,0,1]},
{"frame":123,"values":[-0.2516,0.9236,-0.2891,0,0.225,0.3463,0.9107,0,0.9413,0.1641,-0.295,0,0,1.2992,0,1]},
{"frame":124,"values":[-0.2552,0.9181,-0.3031,0,0.2213,0.3607,0.9061,0,0.9412,0.1642,-0.2953,0,0,1.2992,0,1]},
{"frame":125,"values":[-0.2583,0.9131,-0.3154,0,0.218,0.3731,0.9018,0,0.9411,0.1642,-0.2955,0,0,1.2992,0,1]},
{"frame":126,"values":[-0.2608,0.9088,-0.3256,0,0.2152,0.3835,0.8981,0,0.9411,0.1642,-0.2956,0,0,1.2992,0,1]},
{"frame":127,"values":[-0.2627,0.9054,-0.3335,0,0.213,0.3916,0.8951,0,0.9411,0.1641,-0.2957,0,0,1.2992,0,1]},
{"frame":128,"values":[-0.2641,0.9029,-0.3393,0,0.2114,0.3974,0.893,0,0.941,0.1641,-0.2958,0,0,1.2992,0,1]},
{"frame":129,"values":[-0.2649,0.9013,-0.3427,0,0.2104,0.4008,0.8917,0,0.941,0.1641,-0.2958,0,0,1.2992,0,1]},
{"frame":130,"values":[-0.2651,0.9008,-0.3438,0,0.2101,0.402,0.8912,0,0.941,0.1641,-0.2958,0,0,1.2992,0,1]},
{"frame":131,"values":[-0.2648,0.9014,-0.3427,0,0.2104,0.4008,0.8917,0,0.9411,0.164,-0.2958,0,0,1.2992,0,1]},
{"frame":132,"values":[-0.2638,0.9029,-0.3394,0,0.2112,0.3973,0.893,0,0.9412,0.1639,-0.2955,0,0,1.2992,0,1]},
{"frame":133,"values":[-0.262,0.9055,-0.3338,0,0.2125,0.3915,0.8953,0,0.9414,0.1636,-0.295,0,0,1.2992,0,1]},
{"frame":134,"values":[-0.2596,0.9091,-0.3259,0,0.2144,0.3833,0.8984,0,0.9416,0.1633,-0.2944,0,0,1.2992,0,1]},
{"frame":135,"values":[-0.2564,0.9135,-0.316,0,0.2168,0.3729,0.9022,0,0.9419,0.1628,-0.2936,0,0,1.2992,0,1]},
{"frame":136,"values":[-0.2526,0.9186,-0.3039,0,0.2196,0.3604,0.9066,0,0.9423,0.1623,-0.2927,0,0,1.2992,0,1]},
{"frame":137,"values":[-0.2482,0.9242,-0.2901,0,0.2227,0.3459,0.9115,0,0.9428,0.1616,-0.2917,0,0,1.2992,0,1]},
{"frame":138,"values":[-0.2433,0.9302,-0.2748,0,0.226,0.3299,0.9165,0,0.9432,0.1609,-0.2905,0,0,1.2992,0,1]},
{"frame":139,"values":[-0.2381,0.9362,-0.2585,0,0.2295,0.3128,0.9217,0,0.9437,0.1601,-0.2893,0,0,1.2992,0,1]},
{"frame":140,"values":[-0.2326,0.9421,-0.2415,0,0.233,0.295,0.9267,0,0.9443,0.1592,-0.2881,0,0,1.2992,0,1]},
{"frame":141,"values":[-0.227,0.9477,-0.2244,0,0.2363,0.2771,0.9313,0,0.9448,0.1584,-0.2869,0,0,1.2992,0,1]},
{"frame":142,"values":[-0.2215,0.9528,-0.2077,0,0.2395,0.2597,0.9355,0,0.9453,0.1575,-0.2857,0,0,1.2992,0,1]},
{"frame":143,"values":[-0.2164,0.9572,-0.192,0,0.2424,0.2432,0.9392,0,0.9457,0.1567,-0.2846,0,0,1.2992,0,1]},
{"frame":144,"values":[-0.2116,0.9611,-0.1777,0,0.2449,0.2282,0.9423,0,0.9462,0.1559,-0.2837,0,0,1.2992,0,1]},
{"frame":145,"values":[-0.2074,0.9642,-0.1652,0,0.2471,0.215,0.9448,0,0.9465,0.1552,-0.2828,0,0,1.2992,0,1]},
{"frame":146,"values":[-0.2039,0.9667,-0.1547,0,0.2489,0.204,0.9468,0,0.9468,0.1546,-0.2822,0,0,1.2992,0,1]},
{"frame":147,"values":[-0.2011,0.9686,-0.1464,0,0.2502,0.1953,0.9483,0,0.9471,0.1541,-0.2816,0,0,1.2992,0,1]},
{"frame":148,"values":[-0.1991,0.9699,-0.1404,0,0.2512,0.189,0.9493,0,0.9472,0.1538,-0.2812,0,0,1.2992,0,1]},
{"frame":149,"values":[-0.1979,0.9706,-0.1369,0,0.2517,0.1853,0.9499,0,0.9473,0.1536,-0.281,0,0,1.2992,0,1]},
{"frame":150,"values":[-0.1975,0.9709,-0.1357,0,0.2519,0.184,0.9501,0,0.9474,0.1535,-0.2809,0,0,1.2992,0,1]},
{"frame":250,"values":[-0.1975,0.9709,-0.1357,0,0.2519,0.184,0.9501,0,0.9474,0.1535,-0.2809,0,0,1.2992,0,1]}],"loopBehavior":1,"name":"anim","property":"_matrix"}},
{"name":"LeftLeg","index":3,"matrix":[0.9996,-0.0114,0.0265,0,0.0081,0.9924,0.1228,0,-0.0277,-0.1225,0.9921,0,0,5.7749,0,1],"rest":[0.9996,-0.0114,0.0265,0,0.0081,0.9924,0.1228,0,-0.0277,-0.1225,0.9921,0,0,5.7749,0,1],"parentBoneIndex":2,"length":5.1955
,"animation":{"dataType":3,"framePerSecond":30,"keys":[
{"frame":0,"values":[0.9996,-0.0114,0.0265,0,0.0081,0.9924,0.1228,0,-0.0277,-0.1225,0.9921,0,0,5.7749,0,1]},
{"frame":81,"values":[0.9996,-0.011,0.0252,0,0.0074,0.9905,0.137,0,-0.0264,-0.1368,0.9902,0,0,5.7749,0,1]},
{"frame":82,"values":[0.9997,-0.0094,0.0212,0,0.0054,0.9836,0.1803,0,-0.0226,-0.1801,0.9834,0,0,5.7749,0,1]},
{"frame":83,"values":[0.9999,-0.0065,0.0148,0,0.0025,0.9678,0.2516,0,-0.016,-0.2516,0.9677,0,0,5.7749,0,1]},
{"frame":84,"values":[1,-0.0017,0.0064,0,-0.0006,0.9378,0.3472,0,-0.0066,-0.3472,0.9378,0,0,5.7749,0,1]},
{"frame":85,"values":[1,0.0052,-0.0031,0,-0.0032,0.8887,0.4586,0,0.0051,-0.4585,0.8887,0,0,5.7749,0,1]},
{"frame":86,"values":[0.9998,0.014,-0.0125,0,-0.0044,0.8195,0.573,0,0.0183,-0.5729,0.8194,0,0,5.7749,0,1]},
{"frame":87,"values":[0.9995,0.0241,-0.0206,0,-0.0038,0.7357,0.6773,0,0.0314,-0.6769,0.7354,0,0,5.7749,0,1]},
{"frame":88,"values":[0.9991,0.034,-0.0267,0,-0.0017,0.648,0.7617,0,0.0432,-0.7609,0.6474,0,0,5.7749,0,1]},
{"frame":89,"values":[0.9986,0.0428,-0.0309,0,0.0011,0.5685,0.8227,0,0.0527,-0.8216,0.5677,0,0,5.7749,0,1]},
{"frame":90,"values":[0.9982,0.0494,-0.0333,0,0.0037,0.5069,0.862,0,0.0594,-0.8606,0.5058,0,0,5.7749,0,1]},
{"frame":91,"values":[0.998,0.0534,-0.0345,0,0.0055,0.4686,0.8834,0,0.0634,-0.8818,0.4674,0,0,5.7749,0,1]},
{"frame":92,"values":[0.9979,0.0547,-0.0349,0,0.0061,0.4559,0.89,0,0.0646,-0.8884,0.4546,0,0,5.7749,0,1]},
{"frame":93,"values":[0.998,0.0524,-0.0342,0,0.005,0.4786,0.878,0,0.0624,-0.8765,0.4774,0,0,5.7749,0,1]},
{"frame":94,"values":[0.9985,0.0452,-0.0318,0,0.002,0.5456,0.838,0,0.0553,-0.8368,0.5447,0,0,5.7749,0,1]},
{"frame":95,"values":[0.9991,0.034,-0.0267,0,-0.0017,0.648,0.7617,0,0.0432,-0.7609,0.6474,0,0,5.7749,0,1]},
{"frame":96,"values":[0.9996,0.0207,-0.0181,0,-0.0042,0.7647,0.6444,0,0.0271,-0.6441,0.7645,0,0,5.7749,0,1]},
{"frame":97,"values":[0.9999,0.0079,-0.0063,0,-0.0038,0.8677,0.4971,0,0.0094,-0.497,0.8677,0,0,5.7749,0,1]},
{"frame":98,"values":[1,-0.0017,0.0064,0,-0.0006,0.9378,0.3472,0,-0.0066,-0.3472,0.9378,0,0,5.7749,0,1]},
{"frame":99,"values":[0.9998,-0.0076,0.0172,0,0.0036,0.9744,0.2249,0,-0.0185,-0.2248,0.9742,0,0,5.7749,0,1]},
{"frame":100,"values":[0.9997,-0.0106,0.0241,0,0.0069,0.9889,0.1482,0,-0.0254,-0.148,0.9887,0,0,5.7749,0,1]},
{"frame":101,"values":[0.9996,-0.0114,0.0265,0,0.0081,0.9924,0.1228,0,-0.0277,-0.1225,0.9921,0,0,5.7749,0,1]},
{"frame":250,"values":[0.9996,-0.0114,0.0265,0,0.0081,0.9924,0.1228,0,-0.0277,-0.1225,0.9921,0,0,5.7749,0,1]}],"loopBehavior":1,"name":"anim","property":"_matrix"}},
{"name":"LeftFoot","index":4,"matrix":[0.9964,-0.0222,0.0816,0,0.0845,0.2617,-0.9614,0,0,0.9649,0.2627,0,-0.0001,5.1955,0,1],"rest":[0.9964,-0.0222,0.0816,0,0.0845,0.2617,-0.9614,0,0,0.9649,0.2627,0,-0.0001,5.1955,0,1],"parentBoneIndex":3,"length":1.8664
,"animation":{"dataType":3,"framePerSecond":30,"keys":[
{"frame":0,"values":[0.9964,-0.0222,0.0816,0,0.0845,0.2617,-0.9614,0,0,0.9649,0.2627,0,-0.0001,5.1955,0,1]},
{"frame":250,"values":[0.9964,-0.0222,0.0816,0,0.0845,0.2617,-0.9614,0,0,0.9649,0.2627,0,-0.0001,5.1955,0,1]}],"loopBehavior":1,"name":"anim","property":"_matrix"}},
{"name":"LeftToeBase","index":5,"matrix":[0.9989,0.0459,-0.0032,0,-0.0457,0.9819,-0.1836,0,-0.0053,0.1836,0.983,0,0.0001,1.8664,0,1],"rest":[0.9989,0.0459,-0.0032,0,-0.0457,0.9819,-0.1837,0,-0.0053,0.1836,0.983,0,0.0001,1.8664,0,1],"parentBoneIndex":4,"length":0.2586
,"animation":{"dataType":3,"framePerSecond":30,"keys":[
{"frame":0,"values":[0.9989,0.0459,-0.0032,0,-0.0457,0.9819,-0.1836,0,-0.0053,0.1836,0.983,0,0.0001,1.8664,0,1]},
{"frame":250,"values":[0.9989,0.0459,-0.0032,0,-0.0457,0.9819,-0.1836,0,-0.0053,0.1836,0.983,0,0.0001,1.8664,0,1]}],"loopBehavior":1,"name":"anim","property":"_matrix"}},
{"name":"LowerBack","index":6,"matrix":[1,0,0,0,0,0.9412,0.3377,0,0,-0.3377,0.9412,0,0,1.0442,0,1],"rest":[1,0,0,0,0,0.9412,0.3377,0,0,-0.3377,0.9412,0,0,1.0442,0,1],"parentBoneIndex":0,"length":1.6238
,"animation":{"dataType":3,"framePerSecond":30,"keys":[
{"frame":0,"values":[1,0,0,0,0,0.9412,0.3377,0,0,-0.3377,0.9412,0,0,1.0442,0,1]},
{"frame":250,"values":[1,0,0,0,0,0.9412,0.3377,0,0,-0.3377,0.9412,0,0,1.0442,0,1]}],"loopBehavior":1,"name":"anim","property":"_matrix"}},
{"name":"Spine","index":7,"matrix":[1,0,0,0,0,0.9914,-0.1309,0,0,0.1309,0.9914,0,0,1.6238,0,1],"rest":[1,0,0,0,0,0.9914,-0.1309,0,0,0.1309,0.9914,0,0,1.6238,0,1],"parentBoneIndex":6,"length":1.6968
,"animation":{"dataType":3,"framePerSecond":30,"keys":[
{"frame":0,"values":[1,0,0,0,0,0.9914,-0.1309,0,0,0.1309,0.9914,0,0,1.6238,0,1]},
{"frame":250,"values":[1,0,0,0,0,0.9914,-0.1309,0,0,0.1309,0.9914,0,0,1.6238,0,1]}],"loopBehavior":1,"name":"anim","property":"_matrix"}},
{"name":"Spine1","index":8,"matrix":[1,0,0,0,0,0.91,0.4145,0,0,-0.4145,0.91,0,0,1.6968,0,1],"rest":[1,0,0,0,0,0.91,0.4145,0,0,-0.4145,0.91,0,0,1.6968,0,1],"parentBoneIndex":7,"length":2.488
,"animation":{"dataType":3,"framePerSecond":30,"keys":[
{"frame":0,"values":[1,0,0,0,0,0.91,0.4145,0,0,-0.4145,0.91,0,0,1.6968,0,1]},
{"frame":51,"values":[1,0.0013,0.0002,0,-0.0013,0.91,0.4145,0,0.0004,-0.4145,0.91,0,0,1.6968,0,1]},
{"frame":52,"values":[1,0.0053,0.0008,0,-0.0051,0.91,0.4145,0,0.0015,-0.4145,0.91,0,0,1.6968,0,1]},
{"frame":53,"values":[0.9999,0.0117,0.0017,0,-0.0113,0.91,0.4145,0,0.0033,-0.4145,0.91,0,0,1.6968,0,1]},
{"frame":54,"values":[0.9998,0.0201,0.0029,0,-0.0195,0.9098,0.4145,0,0.0057,-0.4145,0.91,0,0,1.6968,0,1]},
{"frame":55,"values":[0.9996,0.0296,0.0043,0,-0.0287,0.9096,0.4145,0,0.0084,-0.4144,0.9101,0,0,1.6968,0,1]},
{"frame":56,"values":[0.9992,0.0391,0.0057,0,-0.0379,0.9093,0.4144,0,0.0111,-0.4143,0.9101,0,0,1.6968,0,1]},
{"frame":57,"values":[0.9988,0.0475,0.0069,0,-0.046,0.9089,0.4144,0,0.0134,-0.4142,0.9101,0,0,1.6968,0,1]},
{"frame":58,"values":[0.9985,0.0539,0.0078,0,-0.0523,0.9086,0.4143,0,0.0152,-0.4141,0.9101,0,0,1.6968,0,1]},
{"frame":59,"values":[0.9983,0.0578,0.0084,0,-0.0561,0.9084,0.4143,0,0.0163,-0.4141,0.9101,0,0,1.6968,0,1]},
{"frame":60,"values":[0.9982,0.0591,0.0086,0,-0.0573,0.9083,0.4143,0,0.0167,-0.414,0.9101,0,0,1.6968,0,1]},
{"frame":61,"values":[0.9982,0.0586,0.0085,0,-0.0569,0.9084,0.4143,0,0.0166,-0.414,0.9101,0,0,1.6968,0,1]},
{"frame":62,"values":[0.9983,0.0571,0.0083,0,-0.0554,0.9085,0.4143,0,0.0162,-0.4141,0.9101,0,0,1.6968,0,1]},
{"frame":63,"values":[0.9985,0.0546,0.0079,0,-0.0529,0.9086,0.4143,0,0.0154,-0.4141,0.9101,0,0,1.6968,0,1]},
{"frame":64,"values":[0.9987,0.0509,0.0074,0,-0.0493,0.9088,0.4143,0,0.0144,-0.4142,0.9101,0,0,1.6968,0,1]},
{"frame":65,"values":[0.9989,0.0461,0.0067,0,-0.0447,0.909,0.4144,0,0.013,-0.4142,0.9101,0,0,1.6968,0,1]},
{"frame":66,"values":[0.9992,0.0404,0.0058,0,-0.0392,0.9092,0.4144,0,0.0114,-0.4143,0.9101,0,0,1.6968,0,1]},
{"frame":67,"values":[0.9994,0.034,0.0049,0,-0.033,0.9095,0.4144,0,0.0096,-0.4144,0.9101,0,0,1.6968,0,1]},
{"frame":68,"values":[0.9996,0.0271,0.0039,0,-0.0263,0.9097,0.4145,0,0.0077,-0.4144,0.9101,0,0,1.6968,0,1]},
{"frame":69,"values":[0.9998,0.0201,0.0029,0,-0.0195,0.9098,0.4145,0,0.0057,-0.4145,0.91,0,0,1.6968,0,1]},
{"frame":70,"values":[0.9999,0.0131,0.0019,0,-0.0127,0.91,0.4145,0,0.0037,-0.4145,0.91,0,0,1.6968,0,1]},
{"frame":71,"values":[1,0.0064,0.0009,0,-0.0062,0.91,0.4145,0,0.0018,-0.4145,0.91,0,0,1.6968,0,1]},
{"frame":72,"values":[1,0,0,0,0,0.91,0.4145,0,0,-0.4145,0.91,0,0,1.6968,0,1]},
{"frame":73,"values":[1,-0.0071,-0.001,0,0.0069,0.91,0.4145,0,-0.002,-0.4145,0.91,0,0,1.6968,0,1]},
{"frame":74,"values":[0.9999,-0.0161,-0.0023,0,0.0156,0.9099,0.4145,0,-0.0046,-0.4145,0.91,0,0,1.6968,0,1]},
{"frame":75,"values":[0.9996,-0.0263,-0.0038,0,0.0255,0.9097,0.4145,0,-0.0074,-0.4144,0.9101,0,0,1.6968,0,1]},
{"frame":76,"values":[0.9993,-0.0368,-0.0053,0,0.0357,0.9094,0.4144,0,-0.0104,-0.4143,0.9101,0,0,1.6968,0,1]},
{"frame":77,"values":[0.9989,-0.0462,-0.0067,0,0.0448,0.909,0.4144,0,-0.0131,-0.4142,0.9101,0,0,1.6968,0,1]},
{"frame":78,"values":[0.9985,-0.0534,-0.0077,0,0.0518,0.9087,0.4143,0,-0.0151,-0.4141,0.9101,0,0,1.6968,0,1]},
{"frame":79,"values":[0.9983,-0.0577,-0.0084,0,0.056,0.9084,0.4143,0,-0.0163,-0.4141,0.9101,0,0,1.6968,0,1]},
{"frame":80,"values":[0.9982,-0.0591,-0.0086,0,0.0573,0.9083,0.4143,0,-0.0167,-0.414,0.9101,0,0,1.6968,0,1]},
{"frame":81,"values":[0.9982,-0.0586,-0.0085,0,0.0569,0.9084,0.4143,0,-0.0166,-0.414,0.9101,0,0,1.6968,0,1]},
{"frame":82,"values":[0.9983,-0.057,-0.0083,0,0.0553,0.9085,0.4143,0,-0.0161,-0.4141,0.9101,0,0,1.6968,0,1]},
{"frame":83,"values":[0.9985,-0.0543,-0.0079,0,0.0527,0.9086,0.4143,0,-0.0154,-0.4141,0.9101,0,0,1.6968,0,1]},
{"frame":84,"values":[0.9987,-0.0505,-0.0073,0,0.049,0.9088,0.4143,0,-0.0143,-0.4142,0.9101,0,0,1.6968,0,1]},
{"frame":85,"values":[0.9989,-0.0455,-0.0066,0,0.0442,0.909,0.4144,0,-0.0129,-0.4142,0.9101,0,0,1.6968,0,1]},
{"frame":86,"values":[0.9992,-0.0397,-0.0057,0,0.0385,0.9093,0.4144,0,-0.0112,-0.4143,0.9101,0,0,1.6968,0,1]},
{"frame":87,"values":[0.9994,-0.0331,-0.0048,0,0.0321,0.9095,0.4145,0,-0.0094,-0.4144,0.9101,0,0,1.6968,0,1]},
{"frame":88,"values":[0.9996,-0.0262,-0.0038,0,0.0255,0.9097,0.4145,0,-0.0074,-0.4144,0.9101,0,0,1.6968,0,1]},
{"frame":89,"values":[0.9998,-0.0193,-0.0028,0,0.0187,0.9099,0.4145,0,-0.0054,-0.4145,0.91,0,0,1.6968,0,1]},
{"frame":90,"values":[0.9999,-0.0125,-0.0018,0,0.0121,0.91,0.4145,0,-0.0035,-0.4145,0.91,0,0,1.6968,0,1]},
{"frame":91,"values":[1,-0.006,-0.0009,0,0.0058,0.91,0.4145,0,-0.0017,-0.4145,0.91,0,0,1.6968,0,1]},
{"frame":92,"values":[1,0,0,0,0,0.91,0.4145,0,0,-0.4145,0.91,0,0,1.6968,0,1]},
{"frame":93,"values":[1,0.0065,0.0009,0,-0.0063,0.91,0.4145,0,0.0018,-0.4145,0.91,0,0,1.6968,0,1]},
{"frame":94,"values":[0.9999,0.0143,0.0021,0,-0.0139,0.9099,0.4145,0,0.0041,-0.4145,0.91,0,0,1.6968,0,1]},
{"frame":95,"values":[0.9997,0.0233,0.0034,0,-0.0226,0.9098,0.4145,0,0.0066,-0.4145,0.91,0,0,1.6968,0,1]},
{"frame":96,"values":[0.9995,0.0326,0.0047,0,-0.0316,0.9095,0.4145,0,0.0092,-0.4144,0.9101,0,0,1.6968,0,1]},
{"frame":97,"values":[0.9991,0.0415,0.006,0,-0.0402,0.9092,0.4144,0,0.0117,-0.4143,0.9101,0,0,1.6968,0,1]},
{"frame":98,"values":[0.9988,0.0491,0.0071,0,-0.0476,0.9089,0.4144,0,0.0139,-0.4142,0.9101,0,0,1.6968,0,1]},
{"frame":99,"values":[0.9985,0.0547,0.0079,0,-0.053,0.9086,0.4143,0,0.0155,-0.4141,0.9101,0,0,1.6968,0,1]},
{"frame":100,"values":[0.9983,0.058,0.0084,0,-0.0563,0.9084,0.4143,0,0.0164,-0.4141,0.9101,0,0,1.6968,0,1]},
{"frame":101,"values":[0.9982,0.0591,0.0086,0,-0.0573,0.9083,0.4143,0,0.0167,-0.414,0.9101,0,0,1.6968,0,1]},
{"frame":102,"values":[0.9983,0.0575,0.0083,0,-0.0558,0.9084,0.4143,0,0.0163,-0.4141,0.9101,0,0,1.6968,0,1]},
{"frame":103,"values":[0.9986,0.0526,0.0076,0,-0.0511,0.9087,0.4143,0,0.0149,-0.4141,0.9101,0,0,1.6968,0,1]},
{"frame":104,"values":[0.999,0.0449,0.0065,0,-0.0435,0.9091,0.4144,0,0.0127,-0.4142,0.9101,0,0,1.6968,0,1]},
{"frame":105,"values":[0.9994,0.0349,0.0051,0,-0.0339,0.9094,0.4144,0,0.0099,-0.4144,0.9101,0,0,1.6968,0,1]},
{"frame":106,"values":[0.9997,0.0242,0.0035,0,-0.0235,0.9098,0.4145,0,0.0068,-0.4144,0.91,0,0,1.6968,0,1]},
{"frame":107,"values":[0.9999,0.0143,0.0021,0,-0.0139,0.9099,0.4145,0,0.004,-0.4145,0.91,0,0,1.6968,0,1]},
{"frame":108,"values":[1,0.0065,0.0009,0,-0.0063,0.91,0.4145,0,0.0018,-0.4145,0.91,0,0,1.6968,0,1]},
{"frame":109,"values":[1,0.0016,0.0002,0,-0.0016,0.91,0.4145,0,0.0005,-0.4145,0.91,0,0,1.6968,0,1]},
{"frame":110,"values":[1,0,0,0,0,0.91,0.4145,0,0,-0.4145,0.91,0,0,1.6968,0,1]},
{"frame":250,"values":[1,0,0,0,0,0.91,0.4145,0,0,-0.4145,0.91,0,0,1.6968,0,1]}],"loopBehavior":1,"name":"anim","property":"_matrix"}},
{"name":"LeftShoulder","index":9,"matrix":[-0.1492,-0.9124,0.3812,0,0.9842,-0.1741,-0.0314,0,0.095,0.3705,0.9239,0,0.2692,1.7088,0.4474,1],"rest":[-0.1492,-0.9124,0.3812,0,0.9842,-0.1741,-0.0314,0,0.095,0.3705,0.9239,0,0.2692,1.7088,0.4474,1],"parentBoneIndex":8,"length":1.9424
,"animation":{"dataType":3,"framePerSecond":30,"keys":[
{"frame":0,"values":[-0.1492,-0.9124,0.3812,0,0.9842,-0.1741,-0.0314,0,0.095,0.3705,0.9239,0,0.2692,1.7088,0.4474,1]},
{"frame":250,"values":[-0.1492,-0.9124,0.3812,0,0.9842,-0.1741,-0.0314,0,0.095,0.3705,0.9239,0,0.2692,1.7088,0.4474,1]}],"loopBehavior":1,"name":"anim","property":"_matrix"}},
{"name":"LeftArm","index":10,"matrix":[0.5105,-0.8551,-0.09,0,0.8347,0.518,-0.1872,0,0.2067,0.0204,0.9782,0,0,1.9424,0,1],"rest":[0.7691,-0.6381,-0.0364,0,0.639,0.769,0.0181,0,0.0165,-0.0372,0.9992,0,0,1.9424,0,1],"parentBoneIndex":9,"length":3.2747
,"animation":{"dataType":3,"framePerSecond":30,"keys":[
{"frame":0,"values":[0.5105,-0.8551,-0.09,0,0.8347,0.518,-0.1872,0,0.2067,0.0204,0.9782,0,0,1.9424,0,1]},
{"frame":11,"values":[0.5107,-0.855,-0.09,0,0.8345,0.5182,-0.1871,0,0.2067,0.0204,0.9782,0,0,1.9424,0,1]},
{"frame":12,"values":[0.5113,-0.8547,-0.0901,0,0.8342,0.5187,-0.1871,0,0.2066,0.0205,0.9782,0,0,1.9424,0,1]},
{"frame":13,"values":[0.5122,-0.8541,-0.0901,0,0.8337,0.5197,-0.1869,0,0.2065,0.0206,0.9782,0,0,1.9424,0,1]},
{"frame":14,"values":[0.5135,-0.8533,-0.0902,0,0.8329,0.521,-0.1867,0,0.2063,0.0207,0.9783,0,0,1.9424,0,1]},
{"frame":15,"values":[0.5151,-0.8523,-0.0903,0,0.8319,0.5226,-0.1865,0,0.2062,0.0209,0.9783,0,0,1.9424,0,1]},
{"frame":16,"values":[0.5171,-0.8511,-0.0904,0,0.8308,0.5245,-0.1862,0,0.2059,0.0211,0.9783,0,0,1.9424,0,1]},
{"frame":17,"values":[0.5194,-0.8497,-0.0906,0,0.8294,0.5268,-0.1859,0,0.2057,0.0214,0.9784,0,0,1.9424,0,1]},
{"frame":18,"values":[0.5218,-0.8482,-0.0907,0,0.8279,0.5292,-0.1855,0,0.2054,0.0217,0.9784,0,0,1.9424,0,1]},
{"frame":19,"values":[0.5245,-0.8466,-0.0909,0,0.8264,0.5318,-0.1851,0,0.2051,0.022,0.9785,0,0,1.9424,0,1]},
{"frame":20,"values":[0.5272,-0.8449,-0.0911,0,0.8247,0.5345,-0.1847,0,0.2048,0.0223,0.9786,0,0,1.9424,0,1]},
{"frame":21,"values":[0.5299,-0.8431,-0.0912,0,0.8231,0.5372,-0.1843,0,0.2044,0.0226,0.9786,0,0,1.9424,0,1]},
{"frame":22,"values":[0.5325,-0.8415,-0.0914,0,0.8214,0.5398,-0.1839,0,0.2041,0.0229,0.9787,0,0,1.9424,0,1]},
{"frame":23,"values":[0.535,-0.8399,-0.0915,0,0.8199,0.5422,-0.1836,0,0.2038,0.0231,0.9787,0,0,1.9424,0,1]},
{"frame":24,"values":[0.5372,-0.8385,-0.0917,0,0.8185,0.5444,-0.1833,0,0.2036,0.0234,0.9788,0,0,1.9424,0,1]},
{"frame":25,"values":[0.5391,-0.8372,-0.0918,0,0.8173,0.5464,-0.183,0,0.2033,0.0236,0.9788,0,0,1.9424,0,1]},
{"frame":26,"values":[0.5407,-0.8362,-0.0919,0,0.8163,0.548,-0.1827,0,0.2031,0.0238,0.9789,0,0,1.9424,0,1]},
{"frame":27,"values":[0.542,-0.8353,-0.092,0,0.8155,0.5492,-0.1825,0,0.203,0.0239,0.9789,0,0,1.9424,0,1]},
{"frame":28,"values":[0.5429,-0.8347,-0.092,0,0.8149,0.5501,-0.1824,0,0.2029,0.024,0.9789,0,0,1.9424,0,1]},
{"frame":29,"values":[0.5435,-0.8344,-0.0921,0,0.8146,0.5507,-0.1823,0,0.2028,0.0241,0.9789,0,0,1.9424,0,1]},
{"frame":30,"values":[0.5436,-0.8342,-0.0921,0,0.8144,0.5509,-0.1823,0,0.2028,0.0241,0.9789,0,0,1.9424,0,1]},
{"frame":31,"values":[0.5435,-0.8344,-0.092,0,0.8146,0.5507,-0.1823,0,0.2028,0.0241,0.9789,0,0,1.9424,0,1]},
{"frame":32,"values":[0.5429,-0.8347,-0.092,0,0.8149,0.5502,-0.1823,0,0.2028,0.024,0.9789,0,0,1.9424,0,1]},
{"frame":33,"values":[0.5421,-0.8353,-0.0919,0,0.8155,0.5493,-0.1824,0,0.2028,0.0239,0.9789,0,0,1.9424,0,1]},
{"frame":34,"values":[0.5408,-0.8361,-0.0918,0,0.8163,0.548,-0.1825,0,0.2029,0.0238,0.9789,0,0,1.9424,0,1]},
{"frame":35,"values":[0.5393,-0.8371,-0.0916,0,0.8173,0.5465,-0.1826,0,0.2029,0.0236,0.9789,0,0,1.9424,0,1]},
{"frame":36,"values":[0.5374,-0.8384,-0.0914,0,0.8186,0.5446,-0.1827,0,0.203,0.0234,0.9789,0,0,1.9424,0,1]},
{"frame":37,"values":[0.5352,-0.8398,-0.0912,0,0.82,0.5424,-0.1829,0,0.2031,0.0231,0.9789,0,0,1.9424,0,1]},
{"frame":38,"values":[0.5328,-0.8413,-0.091,0,0.8215,0.54,-0.1831,0,0.2032,0.0228,0.9789,0,0,1.9424,0,1]},
{"frame":39,"values":[0.5303,-0.843,-0.0907,0,0.8231,0.5375,-0.1834,0,0.2033,0.0226,0.9788,0,0,1.9424,0,1]},
{"frame":40,"values":[0.5276,-0.8447,-0.0905,0,0.8248,0.5348,-0.1836,0,0.2035,0.0222,0.9788,0,0,1.9424,0,1]},
{"frame":41,"values":[0.5249,-0.8463,-0.0903,0,0.8264,0.5322,-0.1839,0,0.2037,0.0219,0.9788,0,0,1.9424,0,1]},
{"frame":42,"values":[0.5223,-0.848,-0.0901,0,0.828,0.5296,-0.1842,0,0.2039,0.0216,0.9787,0,0,1.9424,0,1]},
{"frame":43,"values":[0.5199,-0.8495,-0.0899,0,0.8295,0.5272,-0.1846,0,0.2042,0.0214,0.9787,0,0,1.9424,0,1]},
{"frame":44,"values":[0.5176,-0.8509,-0.0898,0,0.8308,0.5249,-0.1849,0,0.2045,0.0211,0.9786,0,0,1.9424,0,1]},
{"frame":45,"values":[0.5156,-0.8521,-0.0897,0,0.832,0.523,-0.1853,0,0.2048,0.0209,0.9786,0,0,1.9424,0,1]},
{"frame":46,"values":[0.5139,-0.8531,-0.0897,0,0.833,0.5213,-0.1856,0,0.2051,0.0207,0.9785,0,0,1.9424,0,1]},
{"frame":47,"values":[0.5126,-0.854,-0.0897,0,0.8337,0.5199,-0.186,0,0.2055,0.0206,0.9784,0,0,1.9424,0,1]},
{"frame":48,"values":[0.5115,-0.8546,-0.0897,0,0.8342,0.5189,-0.1864,0,0.2059,0.0205,0.9784,0,0,1.9424,0,1]},
{"frame":49,"values":[0.5108,-0.855,-0.0899,0,0.8346,0.5183,-0.1868,0,0.2063,0.0204,0.9783,0,0,1.9424,0,1]},
{"frame":50,"values":[0.5105,-0.8551,-0.09,0,0.8347,0.518,-0.1872,0,0.2067,0.0204,0.9782,0,0,1.9424,0,1]},
{"frame":51,"values":[0.5104,-0.8551,-0.0916,0,0.8337,0.5181,-0.191,0,0.2108,0.021,0.9773,0,0,1.9424,0,1]},
{"frame":52,"values":[0.5101,-0.8547,-0.0961,0,0.8309,0.5186,-0.2016,0,0.2222,0.023,0.9747,0,0,1.9424,0,1]},
{"frame":53,"values":[0.5098,-0.8541,-0.1033,0,0.826,0.5195,-0.2186,0,0.2404,0.0261,0.9703,0,0,1.9424,0,1]},
{"frame":54,"values":[0.5092,-0.8533,-0.1125,0,0.8192,0.5206,-0.2406,0,0.2639,0.0303,0.9641,0,0,1.9424,0,1]},
{"frame":55,"values":[0.5082,-0.8524,-0.123,0,0.8108,0.5217,-0.2652,0,0.2903,0.0351,0.9563,0,0,1.9424,0,1]},
{"frame":56,"values":[0.507,-0.8516,-0.1334,0,0.8018,0.5227,-0.2896,0,0.3163,0.0399,0.9478,0,0,1.9424,0,1]},
{"frame":57,"values":[0.5057,-0.8508,-0.1425,0,0.7933,0.5236,-0.3108,0,0.339,0.0441,0.9397,0,0,1.9424,0,1]},
{"frame":58,"values":[0.5046,-0.8503,-0.1494,0,0.7864,0.5241,-0.3268,0,0.3562,0.0474,0.9332,0,0,1.9424,0,1]},
{"frame":59,"values":[0.5039,-0.85,-0.1537,0,0.7821,0.5244,-0.3366,0,0.3667,0.0494,0.929,0,0,1.9424,0,1]},
{"frame":60,"values":[0.5036,-0.8499,-0.1551,0,0.7806,0.5246,-0.3399,0,0.3702,0.0501,0.9276,0,0,1.9424,0,1]},
{"frame":61,"values":[0.5037,-0.85,-0.1543,0,0.7814,0.5245,-0.3381,0,0.3683,0.0497,0.9284,0,0,1.9424,0,1]},
{"frame":62,"values":[0.5042,-0.8501,-0.1519,0,0.7839,0.5243,-0.3325,0,0.3624,0.0486,0.9308,0,0,1.9424,0,1]},
{"frame":63,"values":[0.505,-0.8504,-0.1477,0,0.7881,0.524,-0.3229,0,0.352,0.0466,0.9348,0,0,1.9424,0,1]},
{"frame":64,"values":[0.506,-0.8508,-0.1417,0,0.794,0.5236,-0.3089,0,0.3371,0.0438,0.9405,0,0,1.9424,0,1]},
{"frame":65,"values":[0.5071,-0.8514,-0.1339,0,0.8012,0.5229,-0.2908,0,0.3176,0.0402,0.9474,0,0,1.9424,0,1]},
{"frame":66,"values":[0.5083,-0.8522,-0.1245,0,0.8094,0.5221,-0.2689,0,0.2941,0.0359,0.9551,0,0,1.9424,0,1]},
{"frame":67,"values":[0.5093,-0.853,-0.1139,0,0.818,0.521,-0.2439,0,0.2674,0.0311,0.9631,0,0,1.9424,0,1]},
{"frame":68,"values":[0.5101,-0.854,-0.1025,0,0.8264,0.5196,-0.2169,0,0.2385,0.0259,0.9708,0,0,1.9424,0,1]},
{"frame":69,"values":[0.5105,-0.8551,-0.0908,0,0.8342,0.5181,-0.1889,0,0.2086,0.0207,0.9778,0,0,1.9424,0,1]},
{"frame":70,"values":[0.5106,-0.8562,-0.0792,0,0.8411,0.5164,-0.161,0,0.1787,0.0156,0.9838,0,0,1.9424,0,1]},
{"frame":71,"values":[0.5103,-0.8573,-0.0679,0,0.8469,0.5147,-0.1338,0,0.1497,0.0108,0.9887,0,0,1.9424,0,1]},
{"frame":72,"values":[0.5097,-0.8584,-0.0573,0,0.8516,0.5129,-0.108,0,0.1221,0.0062,0.9925,0,0,1.9424,0,1]},
{"frame":73,"values":[0.5087,-0.8597,-0.0455,0,0.8561,0.5108,-0.0788,0,0.091,0.0012,0.9958,0,0,1.9424,0,1]},
{"frame":74,"values":[0.5069,-0.8614,-0.0307,0,0.8604,0.5078,-0.0421,0,0.0519,-0.005,0.9986,0,0,1.9424,0,1]},
{"frame":75,"values":[0.5042,-0.8635,-0.0139,0,0.8636,0.5042,-0.0002,0,0.0072,-0.0119,0.9999,0,0,1.9424,0,1]},
{"frame":76,"values":[0.5005,-0.8657,0.0031,0,0.8649,0.5002,0.0427,0,-0.0385,-0.0188,0.9991,0,0,1.9424,0,1]},
{"frame":77,"values":[0.4967,-0.8678,0.0181,0,0.8643,0.4964,0.0812,0,-0.0794,-0.0247,0.9965,0,0,1.9424,0,1]},
{"frame":78,"values":[0.4933,-0.8694,0.0294,0,0.8628,0.4933,0.1104,0,-0.1105,-0.0291,0.9935,0,0,1.9424,0,1]},
{"frame":79,"values":[0.4912,-0.8703,0.0362,0,0.8614,0.4915,0.128,0,-0.1292,-0.0317,0.9911,0,0,1.9424,0,1]},
{"frame":80,"values":[0.4906,-0.8706,0.0383,0,0.8609,0.491,0.1336,0,-0.1351,-0.0326,0.9903,0,0,1.9424,0,1]},
{"frame":81,"values":[0.491,-0.8704,0.0375,0,0.861,0.4913,0.1315,0,-0.1329,-0.0323,0.9906,0,0,1.9424,0,1]},
{"frame":82,"values":[0.4918,-0.87,0.035,0,0.8615,0.4921,0.125,0,-0.126,-0.0313,0.9915,0,0,1.9424,0,1]},
{"frame":83,"values":[0.4932,-0.8694,0.0307,0,0.8624,0.4933,0.1139,0,-0.1142,-0.0297,0.993,0,0,1.9424,0,1]},
{"frame":84,"values":[0.495,-0.8685,0.0246,0,0.8634,0.4949,0.0981,0,-0.0974,-0.0273,0.9949,0,0,1.9424,0,1]},
{"frame":85,"values":[0.4972,-0.8675,0.0168,0,0.8643,0.4969,0.0779,0,-0.0759,-0.0242,0.9968,0,0,1.9424,0,1]},
{"frame":86,"values":[0.4996,-0.8663,0.0074,0,0.8648,0.4992,0.0538,0,-0.0503,-0.0205,0.9985,0,0,1.9424,0,1]},
{"frame":87,"values":[0.5019,-0.8649,-0.0031,0,0.8647,0.5016,0.027,0,-0.0218,-0.0163,0.9996,0,0,1.9424,0,1]},
{"frame":88,"values":[0.5041,-0.8635,-0.0143,0,0.8636,0.5041,-0.0012,0,0.0083,-0.0117,0.9999,0,0,1.9424,0,1]},
{"frame":89,"values":[0.506,-0.8622,-0.0257,0,0.8617,0.5066,-0.0298,0,0.0387,-0.0071,0.9992,0,0,1.9424,0,1]},
{"frame":90,"values":[0.5075,-0.8608,-0.0368,0,0.8589,0.5089,-0.0575,0,0.0683,-0.0024,0.9977,0,0,1.9424,0,1]},
{"frame":91,"values":[0.5088,-0.8596,-0.0475,0,0.8555,0.511,-0.0838,0,0.0962,0.002,0.9954,0,0,1.9424,0,1]},
{"frame":92,"values":[0.5097,-0.8584,-0.0573,0,0.8516,0.5129,-0.108,0,0.1221,0.0062,0.9925,0,0,1.9424,0,1]},
{"frame":93,"values":[0.5105,-0.8572,-0.0681,0,0.8467,0.5149,-0.134,0,0.1499,0.0108,0.9886,0,0,1.9424,0,1]},
{"frame":94,"values":[0.5109,-0.8558,-0.0811,0,0.8399,0.517,-0.1655,0,0.1835,0.0164,0.9829,0,0,1.9424,0,1]},
{"frame":95,"values":[0.5107,-0.8544,-0.0958,0,0.8308,0.5191,-0.2009,0,0.2214,0.023,0.9749,0,0,1.9424,0,1]},
{"frame":96,"values":[0.5098,-0.8531,-0.1113,0,0.8199,0.5209,-0.2376,0,0.2607,0.0299,0.965,0,0,1.9424,0,1]},
{"frame":97,"values":[0.5083,-0.8519,-0.126,0,0.808,0.5224,-0.2723,0,0.2978,0.0366,0.9539,0,0,1.9424,0,1]},
{"frame":98,"values":[0.5066,-0.851,-0.1386,0,0.7969,0.5235,-0.3016,0,0.3292,0.0424,0.9433,0,0,1.9424,0,1]},
{"frame":99,"values":[0.505,-0.8504,-0.1478,0,0.788,0.5241,-0.323,0,0.3522,0.0467,0.9348,0,0,1.9424,0,1]},
{"frame":100,"values":[0.504,-0.85,-0.1533,0,0.7824,0.5245,-0.3358,0,0.3658,0.0492,0.9294,0,0,1.9424,0,1]},
{"frame":101,"values":[0.5036,-0.8499,-0.1551,0,0.7806,0.5246,-0.3399,0,0.3702,0.0501,0.9276,0,0,1.9424,0,1]},
{"frame":102,"values":[0.5039,-0.85,-0.1533,0,0.7824,0.5244,-0.3358,0,0.3659,0.0492,0.9294,0,0,1.9424,0,1]},
{"frame":103,"values":[0.5049,-0.8504,-0.148,0,0.7878,0.5241,-0.3236,0,0.3528,0.0468,0.9345,0,0,1.9424,0,1]},
{"frame":104,"values":[0.5063,-0.851,-0.1395,0,0.7961,0.5234,-0.3039,0,0.3316,0.0428,0.9424,0,0,1.9424,0,1]},
{"frame":105,"values":[0.5078,-0.8518,-0.1286,0,0.8059,0.5225,-0.2785,0,0.3044,0.0378,0.9518,0,0,1.9424,0,1]},
{"frame":106,"values":[0.509,-0.8528,-0.1168,0,0.8157,0.5213,-0.2508,0,0.2747,0.0324,0.961,0,0,1.9424,0,1]},
{"frame":107,"values":[0.5099,-0.8537,-0.1058,0,0.824,0.52,-0.2248,0,0.247,0.0274,0.9686,0,0,1.9424,0,1]},
{"frame":108,"values":[0.5103,-0.8545,-0.0972,0,0.83,0.519,-0.2043,0,0.225,0.0236,0.9741,0,0,1.9424,0,1]},
{"frame":109,"values":[0.5105,-0.855,-0.0918,0,0.8335,0.5182,-0.1914,0,0.2113,0.0212,0.9772,0,0,1.9424,0,1]},
{"frame":110,"values":[0.5105,-0.8551,-0.09,0,0.8347,0.518,-0.1872,0,0.2067,0.0204,0.9782,0,0,1.9424,0,1]},
{"frame":241,"values":[0.5106,-0.8563,-0.0782,0,0.8416,0.5163,-0.1587,0,0.1763,0.0152,0.9842,0,0,1.9424,0,1]},
